(kicad_pcb (version 20171130) (host pcbnew "(5.1.8)-1")

  (general
    (thickness 1.6)
    (drawings 10)
    (tracks 13)
    (zones 0)
    (modules 122)
    (nets 119)
  )

  (page A4)
  (layers
    (0 F.Cu signal)
    (31 B.Cu signal)
    (32 B.Adhes user)
    (33 F.Adhes user)
    (34 B.Paste user)
    (35 F.Paste user)
    (36 B.SilkS user)
    (37 F.SilkS user)
    (38 B.Mask user)
    (39 F.Mask user)
    (40 Dwgs.User user)
    (41 Cmts.User user)
    (42 Eco1.User user)
    (43 Eco2.User user)
    (44 Edge.Cuts user)
    (45 Margin user)
    (46 B.CrtYd user)
    (47 F.CrtYd user)
    (48 B.Fab user)
    (49 F.Fab user)
  )

  (setup
    (last_trace_width 0.25)
    (user_trace_width 0.1)
    (user_trace_width 0.2)
    (user_trace_width 0.5)
    (user_trace_width 1)
    (user_trace_width 1.5)
    (user_trace_width 2)
    (user_trace_width 2.5)
    (user_trace_width 4)
    (trace_clearance 0.2)
    (zone_clearance 0.508)
    (zone_45_only no)
    (trace_min 0.1)
    (via_size 0.8)
    (via_drill 0.4)
    (via_min_size 0.4)
    (via_min_drill 0.3)
    (uvia_size 0.3)
    (uvia_drill 0.1)
    (uvias_allowed no)
    (uvia_min_size 0.2)
    (uvia_min_drill 0.1)
    (edge_width 0.05)
    (segment_width 0.2)
    (pcb_text_width 0.3)
    (pcb_text_size 1.5 1.5)
    (mod_edge_width 0.12)
    (mod_text_size 1 1)
    (mod_text_width 0.15)
    (pad_size 5.6 5.6)
    (pad_drill 3.2)
    (pad_to_mask_clearance 0.05)
    (aux_axis_origin 0 0)
    (visible_elements 7FFFF7FF)
    (pcbplotparams
      (layerselection 0x010fc_ffffffff)
      (usegerberextensions false)
      (usegerberattributes true)
      (usegerberadvancedattributes true)
      (creategerberjobfile true)
      (excludeedgelayer true)
      (linewidth 0.100000)
      (plotframeref false)
      (viasonmask false)
      (mode 1)
      (useauxorigin false)
      (hpglpennumber 1)
      (hpglpenspeed 20)
      (hpglpendiameter 15.000000)
      (psnegative false)
      (psa4output false)
      (plotreference true)
      (plotvalue true)
      (plotinvisibletext false)
      (padsonsilk false)
      (subtractmaskfromsilk false)
      (outputformat 1)
      (mirror false)
      (drillshape 1)
      (scaleselection 1)
      (outputdirectory ""))
  )

  (net 0 "")
  (net 1 /TX)
  (net 2 12V_BAU)
  (net 3 GND)
  (net 4 "Net-(BuoySensor1-Pad2)")
  (net 5 +12V)
  (net 6 "Net-(BuoySensor2-Pad2)")
  (net 7 "Net-(BuoySensor3-Pad2)")
  (net 8 "Net-(BuoySensor4-Pad2)")
  (net 9 "Net-(C1-Pad1)")
  (net 10 +3V3)
  (net 11 +5V)
  (net 12 /BAU)
  (net 13 /Actuators/SCL0)
  (net 14 /Actuators/SDA0)
  (net 15 /Actuators/SCL1)
  (net 16 /Actuators/SDA1)
  (net 17 /Actuators/SDA2)
  (net 18 /Actuators/SCL2)
  (net 19 /Actuators/SDA3)
  (net 20 /Actuators/SCL3)
  (net 21 "Net-(D1-Pad1)")
  (net 22 "Net-(D2-Pad1)")
  (net 23 "Net-(D3-Pad1)")
  (net 24 /Actuators/B8)
  (net 25 "Net-(D4-Pad1)")
  (net 26 /Actuators/B9)
  (net 27 /Actuators/B10)
  (net 28 "Net-(D5-Pad1)")
  (net 29 "Net-(D6-Pad1)")
  (net 30 /Actuators/B11)
  (net 31 RECAL1)
  (net 32 "Net-(D7-Pad1)")
  (net 33 RECAL2)
  (net 34 "Net-(D8-Pad1)")
  (net 35 "Net-(D9-Pad1)")
  (net 36 /LED)
  (net 37 /CANH)
  (net 38 /CANL)
  (net 39 /SCL)
  (net 40 /SDA)
  (net 41 /Actuators/A0)
  (net 42 /Actuators/A1)
  (net 43 /Actuators/A3)
  (net 44 /Actuators/A2)
  (net 45 /Actuators/A4)
  (net 46 /Actuators/A5)
  (net 47 /Actuators/A7)
  (net 48 /Actuators/A6)
  (net 49 /Actuators/B0)
  (net 50 /Actuators/B1)
  (net 51 /Actuators/B3)
  (net 52 /Actuators/B2)
  (net 53 /Actuators/B4)
  (net 54 /Actuators/B5)
  (net 55 /Actuators/B7)
  (net 56 /Actuators/B6)
  (net 57 /Actuators/A8)
  (net 58 /Actuators/A9)
  (net 59 /Actuators/A11)
  (net 60 /Actuators/A10)
  (net 61 /Actuators/A12)
  (net 62 /Actuators/A13)
  (net 63 /Actuators/A15)
  (net 64 /Actuators/A14)
  (net 65 "Net-(R2-Pad1)")
  (net 66 /RST)
  (net 67 "Net-(R9-Pad1)")
  (net 68 "Net-(R10-Pad1)")
  (net 69 "Net-(R11-Pad1)")
  (net 70 "Net-(R12-Pad1)")
  (net 71 "Net-(R13-Pad1)")
  (net 72 "Net-(R14-Pad1)")
  (net 73 "Net-(R15-Pad1)")
  (net 74 "Net-(R16-Pad1)")
  (net 75 "Net-(R18-Pad1)")
  (net 76 "Net-(R19-Pad2)")
  (net 77 "Net-(R32-Pad1)")
  (net 78 "Net-(R34-Pad1)")
  (net 79 "Net-(R37-Pad1)")
  (net 80 /CAN_TX)
  (net 81 /CAN_RX)
  (net 82 "Net-(U1-Pad5)")
  (net 83 "Net-(U2-Pad2.15)")
  (net 84 "Net-(U2-Pad1.15)")
  (net 85 "Net-(U2-Pad1.14)")
  (net 86 "Net-(U2-Pad2.13)")
  (net 87 "Net-(U2-Pad1.12)")
  (net 88 "Net-(U2-Pad1.10)")
  (net 89 "Net-(U2-Pad2.9)")
  (net 90 "Net-(U2-Pad1.9)")
  (net 91 "Net-(U2-Pad2.8)")
  (net 92 "Net-(U2-Pad2.7)")
  (net 93 "Net-(U2-Pad2.6)")
  (net 94 "Net-(U2-Pad1.6)")
  (net 95 /INT)
  (net 96 "Net-(U2-Pad1.2)")
  (net 97 "Net-(U3-Pad4)")
  (net 98 "Net-(U4-Pad11)")
  (net 99 "Net-(U4-Pad14)")
  (net 100 "Net-(U4-Pad19)")
  (net 101 "Net-(U4-Pad20)")
  (net 102 "Net-(U5-Pad20)")
  (net 103 "Net-(U5-Pad14)")
  (net 104 "Net-(U5-Pad11)")
  (net 105 "Net-(U5-Pad8)")
  (net 106 "Net-(U5-Pad7)")
  (net 107 "Net-(U5-Pad6)")
  (net 108 "Net-(U6-Pad13)")
  (net 109 "Net-(U6-Pad14)")
  (net 110 "Net-(U6-Pad15)")
  (net 111 "Net-(U6-Pad16)")
  (net 112 "Net-(U6-Pad17)")
  (net 113 "Net-(U6-Pad18)")
  (net 114 "Net-(U6-Pad19)")
  (net 115 "Net-(U6-Pad20)")
  (net 116 "Net-(U7-Pad2)")
  (net 117 "Net-(U7-Pad6)")
  (net 118 "Net-(U7-Pad7)")

  (net_class Default "This is the default net class."
    (clearance 0.2)
    (trace_width 0.25)
    (via_dia 0.8)
    (via_drill 0.4)
    (uvia_dia 0.3)
    (uvia_drill 0.1)
    (add_net +12V)
    (add_net +3V3)
    (add_net +5V)
    (add_net /Actuators/A0)
    (add_net /Actuators/A1)
    (add_net /Actuators/A10)
    (add_net /Actuators/A11)
    (add_net /Actuators/A12)
    (add_net /Actuators/A13)
    (add_net /Actuators/A14)
    (add_net /Actuators/A15)
    (add_net /Actuators/A2)
    (add_net /Actuators/A3)
    (add_net /Actuators/A4)
    (add_net /Actuators/A5)
    (add_net /Actuators/A6)
    (add_net /Actuators/A7)
    (add_net /Actuators/A8)
    (add_net /Actuators/A9)
    (add_net /Actuators/B0)
    (add_net /Actuators/B1)
    (add_net /Actuators/B10)
    (add_net /Actuators/B11)
    (add_net /Actuators/B2)
    (add_net /Actuators/B3)
    (add_net /Actuators/B4)
    (add_net /Actuators/B5)
    (add_net /Actuators/B6)
    (add_net /Actuators/B7)
    (add_net /Actuators/B8)
    (add_net /Actuators/B9)
    (add_net /Actuators/SCL0)
    (add_net /Actuators/SCL1)
    (add_net /Actuators/SCL2)
    (add_net /Actuators/SCL3)
    (add_net /Actuators/SDA0)
    (add_net /Actuators/SDA1)
    (add_net /Actuators/SDA2)
    (add_net /Actuators/SDA3)
    (add_net /BAU)
    (add_net /CANH)
    (add_net /CANL)
    (add_net /CAN_RX)
    (add_net /CAN_TX)
    (add_net /INT)
    (add_net /LED)
    (add_net /RST)
    (add_net /SCL)
    (add_net /SDA)
    (add_net /TX)
    (add_net 12V_BAU)
    (add_net GND)
    (add_net "Net-(BuoySensor1-Pad2)")
    (add_net "Net-(BuoySensor2-Pad2)")
    (add_net "Net-(BuoySensor3-Pad2)")
    (add_net "Net-(BuoySensor4-Pad2)")
    (add_net "Net-(C1-Pad1)")
    (add_net "Net-(D1-Pad1)")
    (add_net "Net-(D2-Pad1)")
    (add_net "Net-(D3-Pad1)")
    (add_net "Net-(D4-Pad1)")
    (add_net "Net-(D5-Pad1)")
    (add_net "Net-(D6-Pad1)")
    (add_net "Net-(D7-Pad1)")
    (add_net "Net-(D8-Pad1)")
    (add_net "Net-(D9-Pad1)")
    (add_net "Net-(R10-Pad1)")
    (add_net "Net-(R11-Pad1)")
    (add_net "Net-(R12-Pad1)")
    (add_net "Net-(R13-Pad1)")
    (add_net "Net-(R14-Pad1)")
    (add_net "Net-(R15-Pad1)")
    (add_net "Net-(R16-Pad1)")
    (add_net "Net-(R18-Pad1)")
    (add_net "Net-(R19-Pad2)")
    (add_net "Net-(R2-Pad1)")
    (add_net "Net-(R32-Pad1)")
    (add_net "Net-(R34-Pad1)")
    (add_net "Net-(R37-Pad1)")
    (add_net "Net-(R9-Pad1)")
    (add_net "Net-(U1-Pad5)")
    (add_net "Net-(U2-Pad1.10)")
    (add_net "Net-(U2-Pad1.12)")
    (add_net "Net-(U2-Pad1.14)")
    (add_net "Net-(U2-Pad1.15)")
    (add_net "Net-(U2-Pad1.2)")
    (add_net "Net-(U2-Pad1.6)")
    (add_net "Net-(U2-Pad1.9)")
    (add_net "Net-(U2-Pad2.13)")
    (add_net "Net-(U2-Pad2.15)")
    (add_net "Net-(U2-Pad2.6)")
    (add_net "Net-(U2-Pad2.7)")
    (add_net "Net-(U2-Pad2.8)")
    (add_net "Net-(U2-Pad2.9)")
    (add_net "Net-(U3-Pad4)")
    (add_net "Net-(U4-Pad11)")
    (add_net "Net-(U4-Pad14)")
    (add_net "Net-(U4-Pad19)")
    (add_net "Net-(U4-Pad20)")
    (add_net "Net-(U5-Pad11)")
    (add_net "Net-(U5-Pad14)")
    (add_net "Net-(U5-Pad20)")
    (add_net "Net-(U5-Pad6)")
    (add_net "Net-(U5-Pad7)")
    (add_net "Net-(U5-Pad8)")
    (add_net "Net-(U6-Pad13)")
    (add_net "Net-(U6-Pad14)")
    (add_net "Net-(U6-Pad15)")
    (add_net "Net-(U6-Pad16)")
    (add_net "Net-(U6-Pad17)")
    (add_net "Net-(U6-Pad18)")
    (add_net "Net-(U6-Pad19)")
    (add_net "Net-(U6-Pad20)")
    (add_net "Net-(U7-Pad2)")
    (add_net "Net-(U7-Pad6)")
    (add_net "Net-(U7-Pad7)")
    (add_net RECAL1)
    (add_net RECAL2)
  )

  (module MountingHole:MountingHole_3.2mm_M3_DIN965_Pad (layer F.Cu) (tedit 56D1B4CB) (tstamp 5FFEB11D)
    (at 50 24)
    (descr "Mounting Hole 3.2mm, M3, DIN965")
    (tags "mounting hole 3.2mm m3 din965")
    (attr virtual)
    (fp_text reference REF** (at 0 -3.8) (layer F.SilkS)
      (effects (font (size 1 1) (thickness 0.15)))
    )
    (fp_text value MountingHole_3.2mm_M3_DIN965_Pad (at 0 3.8) (layer F.Fab)
      (effects (font (size 1 1) (thickness 0.15)))
    )
    (fp_circle (center 0 0) (end 3.05 0) (layer F.CrtYd) (width 0.05))
    (fp_circle (center 0 0) (end 2.8 0) (layer Cmts.User) (width 0.15))
    (fp_text user %R (at 0.3 0) (layer F.Fab)
      (effects (font (size 1 1) (thickness 0.15)))
    )
    (pad 1 thru_hole circle (at 0 0) (size 5.6 5.6) (drill 3.2) (layers *.Cu *.Mask))
  )

  (module MountingHole:MountingHole_3.2mm_M3_DIN965_Pad (layer F.Cu) (tedit 56D1B4CB) (tstamp 5FFEB11D)
    (at 23.5 111.5)
    (descr "Mounting Hole 3.2mm, M3, DIN965")
    (tags "mounting hole 3.2mm m3 din965")
    (attr virtual)
    (fp_text reference REF** (at 0 -3.8) (layer F.SilkS)
      (effects (font (size 1 1) (thickness 0.15)))
    )
    (fp_text value MountingHole_3.2mm_M3_DIN965_Pad (at 0 3.8) (layer F.Fab)
      (effects (font (size 1 1) (thickness 0.15)))
    )
    (fp_circle (center 0 0) (end 3.05 0) (layer F.CrtYd) (width 0.05))
    (fp_circle (center 0 0) (end 2.8 0) (layer Cmts.User) (width 0.15))
    (fp_text user %R (at 0.3 0) (layer F.Fab)
      (effects (font (size 1 1) (thickness 0.15)))
    )
    (pad 1 thru_hole circle (at 0 0) (size 5.6 5.6) (drill 3.2) (layers *.Cu *.Mask))
  )

  (module MountingHole:MountingHole_3.2mm_M3_DIN965_Pad (layer F.Cu) (tedit 56D1B4CB) (tstamp 5FFEB0A3)
    (at 76.5 111.5)
    (descr "Mounting Hole 3.2mm, M3, DIN965")
    (tags "mounting hole 3.2mm m3 din965")
    (attr virtual)
    (fp_text reference REF** (at 0 -3.8) (layer F.SilkS)
      (effects (font (size 1 1) (thickness 0.15)))
    )
    (fp_text value MountingHole_3.2mm_M3_DIN965_Pad (at 0 3.8) (layer F.Fab)
      (effects (font (size 1 1) (thickness 0.15)))
    )
    (fp_circle (center 0 0) (end 3.05 0) (layer F.CrtYd) (width 0.05))
    (fp_circle (center 0 0) (end 2.8 0) (layer Cmts.User) (width 0.15))
    (fp_text user %R (at 0.3 0) (layer F.Fab)
      (effects (font (size 1 1) (thickness 0.15)))
    )
    (pad 1 thru_hole circle (at 0 0) (size 5.6 5.6) (drill 3.2) (layers *.Cu *.Mask))
  )

  (module ConnectorsEvo:22-03-5035 (layer F.Cu) (tedit 5FE4A9E8) (tstamp 5FFE0096)
    (at 27 45 270)
    (path /6021D0EA/601D8D0A)
    (fp_text reference AX12-1 (at 0 -6.35 90) (layer F.SilkS)
      (effects (font (size 1 1) (thickness 0.15)))
    )
    (fp_text value Conn_01x03_Male (at 0 6.35 90) (layer F.Fab)
      (effects (font (size 1 1) (thickness 0.15)))
    )
    (fp_line (start 1.225 -4.95) (end -2.45 -4.95) (layer F.SilkS) (width 0.15))
    (fp_line (start 2.45 -3.725) (end 1.225 -4.95) (layer F.SilkS) (width 0.15))
    (fp_line (start 2.45 4.95) (end 2.45 -3.725) (layer F.SilkS) (width 0.15))
    (fp_line (start -2.45 4.95) (end 2.45 4.95) (layer F.SilkS) (width 0.15))
    (fp_line (start -2.45 -4.95) (end -2.45 4.95) (layer F.SilkS) (width 0.15))
    (pad 1 thru_hole circle (at 0.65 2.5 270) (size 1.7 1.7) (drill 0.85) (layers *.Cu *.Mask)
      (net 1 /TX))
    (pad 2 thru_hole circle (at 0.65 0 270) (size 1.7 1.7) (drill 0.85) (layers *.Cu *.Mask)
      (net 2 12V_BAU))
    (pad 3 thru_hole circle (at 0.65 -2.5 270) (size 1.7 1.7) (drill 0.85) (layers *.Cu *.Mask)
      (net 3 GND))
    (model ${LIBELEC}/3D/22035035.stp
      (offset (xyz 0 0 3))
      (scale (xyz 1 1 1))
      (rotate (xyz -90 0 90))
    )
  )

  (module ConnectorsEvo:22-03-5035 (layer F.Cu) (tedit 5FE4A9E8) (tstamp 5FFE00A2)
    (at 27 51 270)
    (path /6021D0EA/603A9962)
    (fp_text reference AX12-2 (at 0 -6.35 90) (layer F.SilkS)
      (effects (font (size 1 1) (thickness 0.15)))
    )
    (fp_text value Conn_01x03_Male (at 0 6.35 90) (layer F.Fab)
      (effects (font (size 1 1) (thickness 0.15)))
    )
    (fp_line (start -2.45 -4.95) (end -2.45 4.95) (layer F.SilkS) (width 0.15))
    (fp_line (start -2.45 4.95) (end 2.45 4.95) (layer F.SilkS) (width 0.15))
    (fp_line (start 2.45 4.95) (end 2.45 -3.725) (layer F.SilkS) (width 0.15))
    (fp_line (start 2.45 -3.725) (end 1.225 -4.95) (layer F.SilkS) (width 0.15))
    (fp_line (start 1.225 -4.95) (end -2.45 -4.95) (layer F.SilkS) (width 0.15))
    (pad 3 thru_hole circle (at 0.65 -2.5 270) (size 1.7 1.7) (drill 0.85) (layers *.Cu *.Mask)
      (net 3 GND))
    (pad 2 thru_hole circle (at 0.65 0 270) (size 1.7 1.7) (drill 0.85) (layers *.Cu *.Mask)
      (net 2 12V_BAU))
    (pad 1 thru_hole circle (at 0.65 2.5 270) (size 1.7 1.7) (drill 0.85) (layers *.Cu *.Mask)
      (net 1 /TX))
    (model ${LIBELEC}/3D/22035035.stp
      (offset (xyz 0 0 3))
      (scale (xyz 1 1 1))
      (rotate (xyz -90 0 90))
    )
  )

  (module ConnectorsEvo:22-03-5035 (layer F.Cu) (tedit 5FE4A9E8) (tstamp 5FFE00AE)
    (at 27 57 270)
    (path /6021D0EA/603AF678)
    (fp_text reference AX12-3 (at 0 -6.35 90) (layer F.SilkS)
      (effects (font (size 1 1) (thickness 0.15)))
    )
    (fp_text value Conn_01x03_Male (at 0 6.35 90) (layer F.Fab)
      (effects (font (size 1 1) (thickness 0.15)))
    )
    (fp_line (start 1.225 -4.95) (end -2.45 -4.95) (layer F.SilkS) (width 0.15))
    (fp_line (start 2.45 -3.725) (end 1.225 -4.95) (layer F.SilkS) (width 0.15))
    (fp_line (start 2.45 4.95) (end 2.45 -3.725) (layer F.SilkS) (width 0.15))
    (fp_line (start -2.45 4.95) (end 2.45 4.95) (layer F.SilkS) (width 0.15))
    (fp_line (start -2.45 -4.95) (end -2.45 4.95) (layer F.SilkS) (width 0.15))
    (pad 1 thru_hole circle (at 0.65 2.5 270) (size 1.7 1.7) (drill 0.85) (layers *.Cu *.Mask)
      (net 1 /TX))
    (pad 2 thru_hole circle (at 0.65 0 270) (size 1.7 1.7) (drill 0.85) (layers *.Cu *.Mask)
      (net 2 12V_BAU))
    (pad 3 thru_hole circle (at 0.65 -2.5 270) (size 1.7 1.7) (drill 0.85) (layers *.Cu *.Mask)
      (net 3 GND))
    (model ${LIBELEC}/3D/22035035.stp
      (offset (xyz 0 0 3))
      (scale (xyz 1 1 1))
      (rotate (xyz -90 0 90))
    )
  )

  (module ConnectorsEvo:22-03-5035 (layer F.Cu) (tedit 5FE4A9E8) (tstamp 5FFE00BA)
    (at 27 39 270)
    (path /6021D0EA/603AF686)
    (fp_text reference AX12-4 (at 0 -6.35 90) (layer F.SilkS)
      (effects (font (size 1 1) (thickness 0.15)))
    )
    (fp_text value Conn_01x03_Male (at 0 6.35 90) (layer F.Fab)
      (effects (font (size 1 1) (thickness 0.15)))
    )
    (fp_line (start -2.45 -4.95) (end -2.45 4.95) (layer F.SilkS) (width 0.15))
    (fp_line (start -2.45 4.95) (end 2.45 4.95) (layer F.SilkS) (width 0.15))
    (fp_line (start 2.45 4.95) (end 2.45 -3.725) (layer F.SilkS) (width 0.15))
    (fp_line (start 2.45 -3.725) (end 1.225 -4.95) (layer F.SilkS) (width 0.15))
    (fp_line (start 1.225 -4.95) (end -2.45 -4.95) (layer F.SilkS) (width 0.15))
    (pad 3 thru_hole circle (at 0.65 -2.5 270) (size 1.7 1.7) (drill 0.85) (layers *.Cu *.Mask)
      (net 3 GND))
    (pad 2 thru_hole circle (at 0.65 0 270) (size 1.7 1.7) (drill 0.85) (layers *.Cu *.Mask)
      (net 2 12V_BAU))
    (pad 1 thru_hole circle (at 0.65 2.5 270) (size 1.7 1.7) (drill 0.85) (layers *.Cu *.Mask)
      (net 1 /TX))
    (model ${LIBELEC}/3D/22035035.stp
      (offset (xyz 0 0 3))
      (scale (xyz 1 1 1))
      (rotate (xyz -90 0 90))
    )
  )

  (module ConnectorsEvo:B03B-PASK (layer F.Cu) (tedit 5F2E163B) (tstamp 5FFE00CB)
    (at 74.8 78)
    (path /6021D0EA/602AB09B/60359D73)
    (fp_text reference BuoySensor1 (at 0.365 -3.175) (layer F.SilkS)
      (effects (font (size 1 1) (thickness 0.15)))
    )
    (fp_text value Conn_01x03_Male (at 0 4.445) (layer F.Fab)
      (effects (font (size 1 1) (thickness 0.15)))
    )
    (fp_line (start -4 -2.15) (end 4 -2.15) (layer F.SilkS) (width 0.12))
    (fp_line (start -4 3.15) (end -4 -2.15) (layer F.SilkS) (width 0.12))
    (fp_line (start 4 3.15) (end -4 3.15) (layer F.SilkS) (width 0.12))
    (fp_line (start 4 -2.15) (end 4 3.15) (layer F.SilkS) (width 0.12))
    (fp_line (start -4 3.15) (end -4 -2.15) (layer F.Fab) (width 0.127))
    (fp_line (start 4 -2.15) (end 4 3.15) (layer F.Fab) (width 0.127))
    (fp_line (start -4 3.15) (end 4 3.15) (layer F.Fab) (width 0.127))
    (fp_line (start 4 -2.15) (end -4 -2.15) (layer F.Fab) (width 0.127))
    (fp_text user 1 (at 2.968 -0.5) (layer F.SilkS)
      (effects (font (size 1 1) (thickness 0.015)))
    )
    (pad None np_thru_hole circle (at 3.5 -1.7) (size 1.1 1.1) (drill 1.1) (layers *.Cu *.Mask))
    (pad 3 thru_hole circle (at -2 0) (size 1.208 1.208) (drill 0.7) (layers *.Cu *.Mask)
      (net 3 GND))
    (pad 2 thru_hole circle (at 0 0) (size 1.208 1.208) (drill 0.7) (layers *.Cu *.Mask)
      (net 4 "Net-(BuoySensor1-Pad2)"))
    (pad 1 thru_hole circle (at 2 0) (size 1.208 1.208) (drill 0.7) (layers *.Cu *.Mask)
      (net 5 +12V))
    (model ${LIBELEC}/3D/B03B-PASK-1.stp
      (offset (xyz 0 0 4))
      (scale (xyz 1 1 1))
      (rotate (xyz -90 0 0))
    )
  )

  (module ConnectorsEvo:B03B-PASK (layer F.Cu) (tedit 5F2E163B) (tstamp 5FFE00DC)
    (at 64.1 78.1)
    (path /6021D0EA/602AB09B/6000C6F5)
    (fp_text reference BuoySensor2 (at 0.365 -3.175) (layer F.SilkS)
      (effects (font (size 1 1) (thickness 0.15)))
    )
    (fp_text value Conn_01x03_Male (at 0 4.445) (layer F.Fab)
      (effects (font (size 1 1) (thickness 0.15)))
    )
    (fp_line (start 4 -2.15) (end -4 -2.15) (layer F.Fab) (width 0.127))
    (fp_line (start -4 3.15) (end 4 3.15) (layer F.Fab) (width 0.127))
    (fp_line (start 4 -2.15) (end 4 3.15) (layer F.Fab) (width 0.127))
    (fp_line (start -4 3.15) (end -4 -2.15) (layer F.Fab) (width 0.127))
    (fp_line (start 4 -2.15) (end 4 3.15) (layer F.SilkS) (width 0.12))
    (fp_line (start 4 3.15) (end -4 3.15) (layer F.SilkS) (width 0.12))
    (fp_line (start -4 3.15) (end -4 -2.15) (layer F.SilkS) (width 0.12))
    (fp_line (start -4 -2.15) (end 4 -2.15) (layer F.SilkS) (width 0.12))
    (fp_text user 1 (at 2.968 -0.5) (layer F.SilkS)
      (effects (font (size 1 1) (thickness 0.015)))
    )
    (pad 1 thru_hole circle (at 2 0) (size 1.208 1.208) (drill 0.7) (layers *.Cu *.Mask)
      (net 5 +12V))
    (pad 2 thru_hole circle (at 0 0) (size 1.208 1.208) (drill 0.7) (layers *.Cu *.Mask)
      (net 6 "Net-(BuoySensor2-Pad2)"))
    (pad 3 thru_hole circle (at -2 0) (size 1.208 1.208) (drill 0.7) (layers *.Cu *.Mask)
      (net 3 GND))
    (pad None np_thru_hole circle (at 3.5 -1.7) (size 1.1 1.1) (drill 1.1) (layers *.Cu *.Mask))
    (model ${LIBELEC}/3D/B03B-PASK-1.stp
      (offset (xyz 0 0 4))
      (scale (xyz 1 1 1))
      (rotate (xyz -90 0 0))
    )
  )

  (module ConnectorsEvo:B03B-PASK (layer F.Cu) (tedit 5F2E163B) (tstamp 5FFE00ED)
    (at 64.2 71.9)
    (path /6021D0EA/602AB09B/60002FA2)
    (fp_text reference BuoySensor3 (at 0.365 -3.175) (layer F.SilkS)
      (effects (font (size 1 1) (thickness 0.15)))
    )
    (fp_text value Conn_01x03_Male (at 0 4.445) (layer F.Fab)
      (effects (font (size 1 1) (thickness 0.15)))
    )
    (fp_line (start 4 -2.15) (end -4 -2.15) (layer F.Fab) (width 0.127))
    (fp_line (start -4 3.15) (end 4 3.15) (layer F.Fab) (width 0.127))
    (fp_line (start 4 -2.15) (end 4 3.15) (layer F.Fab) (width 0.127))
    (fp_line (start -4 3.15) (end -4 -2.15) (layer F.Fab) (width 0.127))
    (fp_line (start 4 -2.15) (end 4 3.15) (layer F.SilkS) (width 0.12))
    (fp_line (start 4 3.15) (end -4 3.15) (layer F.SilkS) (width 0.12))
    (fp_line (start -4 3.15) (end -4 -2.15) (layer F.SilkS) (width 0.12))
    (fp_line (start -4 -2.15) (end 4 -2.15) (layer F.SilkS) (width 0.12))
    (fp_text user 1 (at 2.968 -0.5) (layer F.SilkS)
      (effects (font (size 1 1) (thickness 0.015)))
    )
    (pad 1 thru_hole circle (at 2 0) (size 1.208 1.208) (drill 0.7) (layers *.Cu *.Mask)
      (net 5 +12V))
    (pad 2 thru_hole circle (at 0 0) (size 1.208 1.208) (drill 0.7) (layers *.Cu *.Mask)
      (net 7 "Net-(BuoySensor3-Pad2)"))
    (pad 3 thru_hole circle (at -2 0) (size 1.208 1.208) (drill 0.7) (layers *.Cu *.Mask)
      (net 3 GND))
    (pad None np_thru_hole circle (at 3.5 -1.7) (size 1.1 1.1) (drill 1.1) (layers *.Cu *.Mask))
    (model ${LIBELEC}/3D/B03B-PASK-1.stp
      (offset (xyz 0 0 4))
      (scale (xyz 1 1 1))
      (rotate (xyz -90 0 0))
    )
  )

  (module ConnectorsEvo:B03B-PASK (layer F.Cu) (tedit 5F2E163B) (tstamp 5FFE00FE)
    (at 74.8 72.3)
    (path /6021D0EA/602AB09B/6000C72E)
    (fp_text reference BuoySensor4 (at 0.365 -3.175) (layer F.SilkS)
      (effects (font (size 1 1) (thickness 0.15)))
    )
    (fp_text value Conn_01x03_Male (at -1.2 4) (layer F.Fab)
      (effects (font (size 1 1) (thickness 0.15)))
    )
    (fp_line (start -4 -2.15) (end 4 -2.15) (layer F.SilkS) (width 0.12))
    (fp_line (start -4 3.15) (end -4 -2.15) (layer F.SilkS) (width 0.12))
    (fp_line (start 4 3.15) (end -4 3.15) (layer F.SilkS) (width 0.12))
    (fp_line (start 4 -2.15) (end 4 3.15) (layer F.SilkS) (width 0.12))
    (fp_line (start -4 3.15) (end -4 -2.15) (layer F.Fab) (width 0.127))
    (fp_line (start 4 -2.15) (end 4 3.15) (layer F.Fab) (width 0.127))
    (fp_line (start -4 3.15) (end 4 3.15) (layer F.Fab) (width 0.127))
    (fp_line (start 4 -2.15) (end -4 -2.15) (layer F.Fab) (width 0.127))
    (fp_text user 1 (at 2.968 -0.5) (layer F.SilkS)
      (effects (font (size 1 1) (thickness 0.015)))
    )
    (pad None np_thru_hole circle (at 3.5 -1.7) (size 1.1 1.1) (drill 1.1) (layers *.Cu *.Mask))
    (pad 3 thru_hole circle (at -2 0) (size 1.208 1.208) (drill 0.7) (layers *.Cu *.Mask)
      (net 3 GND))
    (pad 2 thru_hole circle (at 0 0) (size 1.208 1.208) (drill 0.7) (layers *.Cu *.Mask)
      (net 8 "Net-(BuoySensor4-Pad2)"))
    (pad 1 thru_hole circle (at 2 0) (size 1.208 1.208) (drill 0.7) (layers *.Cu *.Mask)
      (net 5 +12V))
    (model ${LIBELEC}/3D/B03B-PASK-1.stp
      (offset (xyz 0 0 4))
      (scale (xyz 1 1 1))
      (rotate (xyz -90 0 0))
    )
  )

  (module Capacitor_SMD:C_0603_1608Metric (layer F.Cu) (tedit 5F68FEEE) (tstamp 5FFE010F)
    (at -28.044999 37.165001)
    (descr "Capacitor SMD 0603 (1608 Metric), square (rectangular) end terminal, IPC_7351 nominal, (Body size source: IPC-SM-782 page 76, https://www.pcb-3d.com/wordpress/wp-content/uploads/ipc-sm-782a_amendment_1_and_2.pdf), generated with kicad-footprint-generator")
    (tags capacitor)
    (path /60114977)
    (attr smd)
    (fp_text reference C1 (at 0 -1.43) (layer F.SilkS)
      (effects (font (size 1 1) (thickness 0.15)))
    )
    (fp_text value 1uF (at 0 1.43) (layer F.Fab)
      (effects (font (size 1 1) (thickness 0.15)))
    )
    (fp_line (start 1.48 0.73) (end -1.48 0.73) (layer F.CrtYd) (width 0.05))
    (fp_line (start 1.48 -0.73) (end 1.48 0.73) (layer F.CrtYd) (width 0.05))
    (fp_line (start -1.48 -0.73) (end 1.48 -0.73) (layer F.CrtYd) (width 0.05))
    (fp_line (start -1.48 0.73) (end -1.48 -0.73) (layer F.CrtYd) (width 0.05))
    (fp_line (start -0.14058 0.51) (end 0.14058 0.51) (layer F.SilkS) (width 0.12))
    (fp_line (start -0.14058 -0.51) (end 0.14058 -0.51) (layer F.SilkS) (width 0.12))
    (fp_line (start 0.8 0.4) (end -0.8 0.4) (layer F.Fab) (width 0.1))
    (fp_line (start 0.8 -0.4) (end 0.8 0.4) (layer F.Fab) (width 0.1))
    (fp_line (start -0.8 -0.4) (end 0.8 -0.4) (layer F.Fab) (width 0.1))
    (fp_line (start -0.8 0.4) (end -0.8 -0.4) (layer F.Fab) (width 0.1))
    (fp_text user %R (at 0 0) (layer F.Fab)
      (effects (font (size 0.4 0.4) (thickness 0.06)))
    )
    (pad 1 smd roundrect (at -0.775 0) (size 0.9 0.95) (layers F.Cu F.Paste F.Mask) (roundrect_rratio 0.25)
      (net 9 "Net-(C1-Pad1)"))
    (pad 2 smd roundrect (at 0.775 0) (size 0.9 0.95) (layers F.Cu F.Paste F.Mask) (roundrect_rratio 0.25)
      (net 3 GND))
    (model ${KISYS3DMOD}/Capacitor_SMD.3dshapes/C_0603_1608Metric.wrl
      (at (xyz 0 0 0))
      (scale (xyz 1 1 1))
      (rotate (xyz 0 0 0))
    )
  )

  (module Capacitor_SMD:C_0603_1608Metric (layer F.Cu) (tedit 5F68FEEE) (tstamp 5FFE0120)
    (at -28.384999 42.185001)
    (descr "Capacitor SMD 0603 (1608 Metric), square (rectangular) end terminal, IPC_7351 nominal, (Body size source: IPC-SM-782 page 76, https://www.pcb-3d.com/wordpress/wp-content/uploads/ipc-sm-782a_amendment_1_and_2.pdf), generated with kicad-footprint-generator")
    (tags capacitor)
    (path /5FFDC008)
    (attr smd)
    (fp_text reference C2 (at 0 -1.43) (layer F.SilkS)
      (effects (font (size 1 1) (thickness 0.15)))
    )
    (fp_text value 4.7uF (at 0 1.43) (layer F.Fab)
      (effects (font (size 1 1) (thickness 0.15)))
    )
    (fp_line (start -0.8 0.4) (end -0.8 -0.4) (layer F.Fab) (width 0.1))
    (fp_line (start -0.8 -0.4) (end 0.8 -0.4) (layer F.Fab) (width 0.1))
    (fp_line (start 0.8 -0.4) (end 0.8 0.4) (layer F.Fab) (width 0.1))
    (fp_line (start 0.8 0.4) (end -0.8 0.4) (layer F.Fab) (width 0.1))
    (fp_line (start -0.14058 -0.51) (end 0.14058 -0.51) (layer F.SilkS) (width 0.12))
    (fp_line (start -0.14058 0.51) (end 0.14058 0.51) (layer F.SilkS) (width 0.12))
    (fp_line (start -1.48 0.73) (end -1.48 -0.73) (layer F.CrtYd) (width 0.05))
    (fp_line (start -1.48 -0.73) (end 1.48 -0.73) (layer F.CrtYd) (width 0.05))
    (fp_line (start 1.48 -0.73) (end 1.48 0.73) (layer F.CrtYd) (width 0.05))
    (fp_line (start 1.48 0.73) (end -1.48 0.73) (layer F.CrtYd) (width 0.05))
    (fp_text user %R (at 0 0) (layer F.Fab)
      (effects (font (size 0.4 0.4) (thickness 0.06)))
    )
    (pad 2 smd roundrect (at 0.775 0) (size 0.9 0.95) (layers F.Cu F.Paste F.Mask) (roundrect_rratio 0.25)
      (net 3 GND))
    (pad 1 smd roundrect (at -0.775 0) (size 0.9 0.95) (layers F.Cu F.Paste F.Mask) (roundrect_rratio 0.25)
      (net 5 +12V))
    (model ${KISYS3DMOD}/Capacitor_SMD.3dshapes/C_0603_1608Metric.wrl
      (at (xyz 0 0 0))
      (scale (xyz 1 1 1))
      (rotate (xyz 0 0 0))
    )
  )

  (module Capacitor_SMD:C_0603_1608Metric (layer F.Cu) (tedit 5F68FEEE) (tstamp 5FFE0131)
    (at -32.394999 42.185001)
    (descr "Capacitor SMD 0603 (1608 Metric), square (rectangular) end terminal, IPC_7351 nominal, (Body size source: IPC-SM-782 page 76, https://www.pcb-3d.com/wordpress/wp-content/uploads/ipc-sm-782a_amendment_1_and_2.pdf), generated with kicad-footprint-generator")
    (tags capacitor)
    (path /6011456F)
    (attr smd)
    (fp_text reference C3 (at 0 -1.43) (layer F.SilkS)
      (effects (font (size 1 1) (thickness 0.15)))
    )
    (fp_text value 1uF (at 0 1.43) (layer F.Fab)
      (effects (font (size 1 1) (thickness 0.15)))
    )
    (fp_line (start 1.48 0.73) (end -1.48 0.73) (layer F.CrtYd) (width 0.05))
    (fp_line (start 1.48 -0.73) (end 1.48 0.73) (layer F.CrtYd) (width 0.05))
    (fp_line (start -1.48 -0.73) (end 1.48 -0.73) (layer F.CrtYd) (width 0.05))
    (fp_line (start -1.48 0.73) (end -1.48 -0.73) (layer F.CrtYd) (width 0.05))
    (fp_line (start -0.14058 0.51) (end 0.14058 0.51) (layer F.SilkS) (width 0.12))
    (fp_line (start -0.14058 -0.51) (end 0.14058 -0.51) (layer F.SilkS) (width 0.12))
    (fp_line (start 0.8 0.4) (end -0.8 0.4) (layer F.Fab) (width 0.1))
    (fp_line (start 0.8 -0.4) (end 0.8 0.4) (layer F.Fab) (width 0.1))
    (fp_line (start -0.8 -0.4) (end 0.8 -0.4) (layer F.Fab) (width 0.1))
    (fp_line (start -0.8 0.4) (end -0.8 -0.4) (layer F.Fab) (width 0.1))
    (fp_text user %R (at 0 0) (layer F.Fab)
      (effects (font (size 0.4 0.4) (thickness 0.06)))
    )
    (pad 1 smd roundrect (at -0.775 0) (size 0.9 0.95) (layers F.Cu F.Paste F.Mask) (roundrect_rratio 0.25)
      (net 10 +3V3))
    (pad 2 smd roundrect (at 0.775 0) (size 0.9 0.95) (layers F.Cu F.Paste F.Mask) (roundrect_rratio 0.25)
      (net 3 GND))
    (model ${KISYS3DMOD}/Capacitor_SMD.3dshapes/C_0603_1608Metric.wrl
      (at (xyz 0 0 0))
      (scale (xyz 1 1 1))
      (rotate (xyz 0 0 0))
    )
  )

  (module Capacitor_SMD:C_0603_1608Metric (layer F.Cu) (tedit 5F68FEEE) (tstamp 5FFE0142)
    (at -28.384999 39.675001)
    (descr "Capacitor SMD 0603 (1608 Metric), square (rectangular) end terminal, IPC_7351 nominal, (Body size source: IPC-SM-782 page 76, https://www.pcb-3d.com/wordpress/wp-content/uploads/ipc-sm-782a_amendment_1_and_2.pdf), generated with kicad-footprint-generator")
    (tags capacitor)
    (path /600A2BB3)
    (attr smd)
    (fp_text reference C4 (at 0 -1.43) (layer F.SilkS)
      (effects (font (size 1 1) (thickness 0.15)))
    )
    (fp_text value 100nF (at 0 1.43) (layer F.Fab)
      (effects (font (size 1 1) (thickness 0.15)))
    )
    (fp_line (start 1.48 0.73) (end -1.48 0.73) (layer F.CrtYd) (width 0.05))
    (fp_line (start 1.48 -0.73) (end 1.48 0.73) (layer F.CrtYd) (width 0.05))
    (fp_line (start -1.48 -0.73) (end 1.48 -0.73) (layer F.CrtYd) (width 0.05))
    (fp_line (start -1.48 0.73) (end -1.48 -0.73) (layer F.CrtYd) (width 0.05))
    (fp_line (start -0.14058 0.51) (end 0.14058 0.51) (layer F.SilkS) (width 0.12))
    (fp_line (start -0.14058 -0.51) (end 0.14058 -0.51) (layer F.SilkS) (width 0.12))
    (fp_line (start 0.8 0.4) (end -0.8 0.4) (layer F.Fab) (width 0.1))
    (fp_line (start 0.8 -0.4) (end 0.8 0.4) (layer F.Fab) (width 0.1))
    (fp_line (start -0.8 -0.4) (end 0.8 -0.4) (layer F.Fab) (width 0.1))
    (fp_line (start -0.8 0.4) (end -0.8 -0.4) (layer F.Fab) (width 0.1))
    (fp_text user %R (at 0 0) (layer F.Fab)
      (effects (font (size 0.4 0.4) (thickness 0.06)))
    )
    (pad 1 smd roundrect (at -0.775 0) (size 0.9 0.95) (layers F.Cu F.Paste F.Mask) (roundrect_rratio 0.25)
      (net 11 +5V))
    (pad 2 smd roundrect (at 0.775 0) (size 0.9 0.95) (layers F.Cu F.Paste F.Mask) (roundrect_rratio 0.25)
      (net 3 GND))
    (model ${KISYS3DMOD}/Capacitor_SMD.3dshapes/C_0603_1608Metric.wrl
      (at (xyz 0 0 0))
      (scale (xyz 1 1 1))
      (rotate (xyz 0 0 0))
    )
  )

  (module Capacitor_SMD:C_0603_1608Metric (layer F.Cu) (tedit 5F68FEEE) (tstamp 5FFE0153)
    (at -32.394999 39.675001)
    (descr "Capacitor SMD 0603 (1608 Metric), square (rectangular) end terminal, IPC_7351 nominal, (Body size source: IPC-SM-782 page 76, https://www.pcb-3d.com/wordpress/wp-content/uploads/ipc-sm-782a_amendment_1_and_2.pdf), generated with kicad-footprint-generator")
    (tags capacitor)
    (path /5FFD308A)
    (attr smd)
    (fp_text reference C5 (at 0 -1.43) (layer F.SilkS)
      (effects (font (size 1 1) (thickness 0.15)))
    )
    (fp_text value 4.7uF (at 0 1.43) (layer F.Fab)
      (effects (font (size 1 1) (thickness 0.15)))
    )
    (fp_line (start 1.48 0.73) (end -1.48 0.73) (layer F.CrtYd) (width 0.05))
    (fp_line (start 1.48 -0.73) (end 1.48 0.73) (layer F.CrtYd) (width 0.05))
    (fp_line (start -1.48 -0.73) (end 1.48 -0.73) (layer F.CrtYd) (width 0.05))
    (fp_line (start -1.48 0.73) (end -1.48 -0.73) (layer F.CrtYd) (width 0.05))
    (fp_line (start -0.14058 0.51) (end 0.14058 0.51) (layer F.SilkS) (width 0.12))
    (fp_line (start -0.14058 -0.51) (end 0.14058 -0.51) (layer F.SilkS) (width 0.12))
    (fp_line (start 0.8 0.4) (end -0.8 0.4) (layer F.Fab) (width 0.1))
    (fp_line (start 0.8 -0.4) (end 0.8 0.4) (layer F.Fab) (width 0.1))
    (fp_line (start -0.8 -0.4) (end 0.8 -0.4) (layer F.Fab) (width 0.1))
    (fp_line (start -0.8 0.4) (end -0.8 -0.4) (layer F.Fab) (width 0.1))
    (fp_text user %R (at 0 0) (layer F.Fab)
      (effects (font (size 0.4 0.4) (thickness 0.06)))
    )
    (pad 1 smd roundrect (at -0.775 0) (size 0.9 0.95) (layers F.Cu F.Paste F.Mask) (roundrect_rratio 0.25)
      (net 11 +5V))
    (pad 2 smd roundrect (at 0.775 0) (size 0.9 0.95) (layers F.Cu F.Paste F.Mask) (roundrect_rratio 0.25)
      (net 3 GND))
    (model ${KISYS3DMOD}/Capacitor_SMD.3dshapes/C_0603_1608Metric.wrl
      (at (xyz 0 0 0))
      (scale (xyz 1 1 1))
      (rotate (xyz 0 0 0))
    )
  )

  (module Capacitor_SMD:C_0603_1608Metric (layer F.Cu) (tedit 5F68FEEE) (tstamp 5FFE0164)
    (at -28.044999 34.655001)
    (descr "Capacitor SMD 0603 (1608 Metric), square (rectangular) end terminal, IPC_7351 nominal, (Body size source: IPC-SM-782 page 76, https://www.pcb-3d.com/wordpress/wp-content/uploads/ipc-sm-782a_amendment_1_and_2.pdf), generated with kicad-footprint-generator")
    (tags capacitor)
    (path /5FFDCEA0)
    (attr smd)
    (fp_text reference C6 (at 0 -1.43) (layer F.SilkS)
      (effects (font (size 1 1) (thickness 0.15)))
    )
    (fp_text value 4.7uF (at 0 1.43) (layer F.Fab)
      (effects (font (size 1 1) (thickness 0.15)))
    )
    (fp_line (start 1.48 0.73) (end -1.48 0.73) (layer F.CrtYd) (width 0.05))
    (fp_line (start 1.48 -0.73) (end 1.48 0.73) (layer F.CrtYd) (width 0.05))
    (fp_line (start -1.48 -0.73) (end 1.48 -0.73) (layer F.CrtYd) (width 0.05))
    (fp_line (start -1.48 0.73) (end -1.48 -0.73) (layer F.CrtYd) (width 0.05))
    (fp_line (start -0.14058 0.51) (end 0.14058 0.51) (layer F.SilkS) (width 0.12))
    (fp_line (start -0.14058 -0.51) (end 0.14058 -0.51) (layer F.SilkS) (width 0.12))
    (fp_line (start 0.8 0.4) (end -0.8 0.4) (layer F.Fab) (width 0.1))
    (fp_line (start 0.8 -0.4) (end 0.8 0.4) (layer F.Fab) (width 0.1))
    (fp_line (start -0.8 -0.4) (end 0.8 -0.4) (layer F.Fab) (width 0.1))
    (fp_line (start -0.8 0.4) (end -0.8 -0.4) (layer F.Fab) (width 0.1))
    (fp_text user %R (at 0 0) (layer F.Fab)
      (effects (font (size 0.4 0.4) (thickness 0.06)))
    )
    (pad 1 smd roundrect (at -0.775 0) (size 0.9 0.95) (layers F.Cu F.Paste F.Mask) (roundrect_rratio 0.25)
      (net 2 12V_BAU))
    (pad 2 smd roundrect (at 0.775 0) (size 0.9 0.95) (layers F.Cu F.Paste F.Mask) (roundrect_rratio 0.25)
      (net 3 GND))
    (model ${KISYS3DMOD}/Capacitor_SMD.3dshapes/C_0603_1608Metric.wrl
      (at (xyz 0 0 0))
      (scale (xyz 1 1 1))
      (rotate (xyz 0 0 0))
    )
  )

  (module Capacitor_SMD:C_0603_1608Metric (layer F.Cu) (tedit 5F68FEEE) (tstamp 5FFE0175)
    (at 65.5 85.275 90)
    (descr "Capacitor SMD 0603 (1608 Metric), square (rectangular) end terminal, IPC_7351 nominal, (Body size source: IPC-SM-782 page 76, https://www.pcb-3d.com/wordpress/wp-content/uploads/ipc-sm-782a_amendment_1_and_2.pdf), generated with kicad-footprint-generator")
    (tags capacitor)
    (path /6001CACE)
    (attr smd)
    (fp_text reference C7 (at 0 -1.43 90) (layer F.SilkS)
      (effects (font (size 1 1) (thickness 0.15)))
    )
    (fp_text value 100nF (at 0 1.43 90) (layer F.Fab)
      (effects (font (size 1 1) (thickness 0.15)))
    )
    (fp_line (start -0.8 0.4) (end -0.8 -0.4) (layer F.Fab) (width 0.1))
    (fp_line (start -0.8 -0.4) (end 0.8 -0.4) (layer F.Fab) (width 0.1))
    (fp_line (start 0.8 -0.4) (end 0.8 0.4) (layer F.Fab) (width 0.1))
    (fp_line (start 0.8 0.4) (end -0.8 0.4) (layer F.Fab) (width 0.1))
    (fp_line (start -0.14058 -0.51) (end 0.14058 -0.51) (layer F.SilkS) (width 0.12))
    (fp_line (start -0.14058 0.51) (end 0.14058 0.51) (layer F.SilkS) (width 0.12))
    (fp_line (start -1.48 0.73) (end -1.48 -0.73) (layer F.CrtYd) (width 0.05))
    (fp_line (start -1.48 -0.73) (end 1.48 -0.73) (layer F.CrtYd) (width 0.05))
    (fp_line (start 1.48 -0.73) (end 1.48 0.73) (layer F.CrtYd) (width 0.05))
    (fp_line (start 1.48 0.73) (end -1.48 0.73) (layer F.CrtYd) (width 0.05))
    (fp_text user %R (at 0 0 90) (layer F.Fab)
      (effects (font (size 0.4 0.4) (thickness 0.06)))
    )
    (pad 2 smd roundrect (at 0.775 0 90) (size 0.9 0.95) (layers F.Cu F.Paste F.Mask) (roundrect_rratio 0.25)
      (net 3 GND))
    (pad 1 smd roundrect (at -0.775 0 90) (size 0.9 0.95) (layers F.Cu F.Paste F.Mask) (roundrect_rratio 0.25)
      (net 12 /BAU))
    (model ${KISYS3DMOD}/Capacitor_SMD.3dshapes/C_0603_1608Metric.wrl
      (at (xyz 0 0 0))
      (scale (xyz 1 1 1))
      (rotate (xyz 0 0 0))
    )
  )

  (module Capacitor_SMD:C_0603_1608Metric (layer F.Cu) (tedit 5F68FEEE) (tstamp 5FFE0186)
    (at -24.034999 36.405001)
    (descr "Capacitor SMD 0603 (1608 Metric), square (rectangular) end terminal, IPC_7351 nominal, (Body size source: IPC-SM-782 page 76, https://www.pcb-3d.com/wordpress/wp-content/uploads/ipc-sm-782a_amendment_1_and_2.pdf), generated with kicad-footprint-generator")
    (tags capacitor)
    (path /5FFCC675)
    (attr smd)
    (fp_text reference C8 (at 0 -1.43) (layer F.SilkS)
      (effects (font (size 1 1) (thickness 0.15)))
    )
    (fp_text value 100nF (at 0 1.43) (layer F.Fab)
      (effects (font (size 1 1) (thickness 0.15)))
    )
    (fp_line (start -0.8 0.4) (end -0.8 -0.4) (layer F.Fab) (width 0.1))
    (fp_line (start -0.8 -0.4) (end 0.8 -0.4) (layer F.Fab) (width 0.1))
    (fp_line (start 0.8 -0.4) (end 0.8 0.4) (layer F.Fab) (width 0.1))
    (fp_line (start 0.8 0.4) (end -0.8 0.4) (layer F.Fab) (width 0.1))
    (fp_line (start -0.14058 -0.51) (end 0.14058 -0.51) (layer F.SilkS) (width 0.12))
    (fp_line (start -0.14058 0.51) (end 0.14058 0.51) (layer F.SilkS) (width 0.12))
    (fp_line (start -1.48 0.73) (end -1.48 -0.73) (layer F.CrtYd) (width 0.05))
    (fp_line (start -1.48 -0.73) (end 1.48 -0.73) (layer F.CrtYd) (width 0.05))
    (fp_line (start 1.48 -0.73) (end 1.48 0.73) (layer F.CrtYd) (width 0.05))
    (fp_line (start 1.48 0.73) (end -1.48 0.73) (layer F.CrtYd) (width 0.05))
    (fp_text user %R (at 0 0) (layer F.Fab)
      (effects (font (size 0.4 0.4) (thickness 0.06)))
    )
    (pad 2 smd roundrect (at 0.775 0) (size 0.9 0.95) (layers F.Cu F.Paste F.Mask) (roundrect_rratio 0.25)
      (net 3 GND))
    (pad 1 smd roundrect (at -0.775 0) (size 0.9 0.95) (layers F.Cu F.Paste F.Mask) (roundrect_rratio 0.25)
      (net 11 +5V))
    (model ${KISYS3DMOD}/Capacitor_SMD.3dshapes/C_0603_1608Metric.wrl
      (at (xyz 0 0 0))
      (scale (xyz 1 1 1))
      (rotate (xyz 0 0 0))
    )
  )

  (module Capacitor_SMD:C_0603_1608Metric (layer F.Cu) (tedit 5F68FEEE) (tstamp 5FFE0197)
    (at -14.914999 79.255001)
    (descr "Capacitor SMD 0603 (1608 Metric), square (rectangular) end terminal, IPC_7351 nominal, (Body size source: IPC-SM-782 page 76, https://www.pcb-3d.com/wordpress/wp-content/uploads/ipc-sm-782a_amendment_1_and_2.pdf), generated with kicad-footprint-generator")
    (tags capacitor)
    (path /6021D0EA/6028E338)
